43741.60162
30937.26868
25260.39705
21885.55836
19570.96103
17857.38585
16524.97425
15448.50546
14558.39991
13805.74963
13158.36309
12099.74081
11256.16072
10568.40672
9994.38423
9292.861853
8721.572191
8245.577734
7723.213686
7192.042767
6755.780908
6325.912329
5915.532893
5578.370643
5219.645495
4894.187372
4570.344691
4280.020643
3998.6763
3730.529136
3481.453694
3243.859708
3040.601133
2848.113221
2672.088824
2508.846109
2344.186806
2185.519077
2037.057922
1905.275605
1782.333359
1672.721708
1575.95241
1487.570598
1403.848179
1321.695758
1246.982406
1176.750299
1106.852829
1037.944708
972.6144991
909.1645787
849.189779
796.1019512
748.1790689
702.3770954
659.63032
622.2188119
584.0853965
544.9332009
506.8226055
471.7076202
439.6745256
406.77661
382.3595118
359.5564373
339.3696435
321.3477508
307.8798774
296.2013224
284.9065192
271.6074734
255.6077114
235.2573971
215.4821601
197.0297009
184.8985356
176.4311343
169.5710413
161.5449825
152.0664742
145.3978406
143.7990767
145.8456743
149.3148759
153.4938939
164.8113995
180.3207476
204.1025927
226.9675954
248.5575908
277.4774172
