0.2685902629
0.1898135368
0.1550672258
0.1342693099
0.1200314649
0.1096248823
0.1015275209
0.09498454984
0.08956485202
0.08498301097
0.08103048309
0.07455620626
0.06946650393
0.06530193909
0.06180363468
0.05744429368
0.05385981772
0.05085886927
0.04754441708
0.04419797863
0.0414639994
0.03874300393
0.03614396573
0.0340050598
0.03175651998
0.02970231855
0.02768849046
0.02595137775
0.0243018217
0.02274076858
0.02130371923
0.01988447982
0.01860499138
0.01738966428
0.01627682459
0.01524221085
0.01427841011
0.01342246565
0.01260896183
0.01186468251
0.01115738731
0.01047734651
0.009822753759
0.009191729875
0.00859938375
0.00801621746
0.007477600987
0.006972041232
0.006503913112
0.006093445571
0.005722546228
0.005410050049
0.005132039789
0.004891792257
0.004644583916
0.004384291109
0.004124146104
0.003884452673
0.003685509198
0.003528846964
0.003423561229
0.003382165802
0.003408305951
0.003466199182
0.003547038079
0.003636562379
0.003743573409
0.003870501276
0.00404049186
0.004270306828
0.004556786889
0.004898065287
0.005277001142
0.005705452629
0.006165002757
0.006659953298
0.007155116145
0.007626758543
0.008053922347
0.008416939018
0.008698912284
0.008934262632
0.009171167637
0.009383171027
0.009508062502
0.009503969939
0.009592587673
0.01010419969
0.01094350271
0.01230527442
0.01413847472
0.01575357972
