0.3266676576
0.2099594908
0.1653120152
0.1404398427
0.1241281663
0.1124001922
0.1034545364
0.09634426718
0.09051874475
0.08563344446
0.08146046546
0.07466620165
0.06932798501
0.06499097633
0.06137710181
0.05693308397
0.05333239861
0.05033825723
0.04703244838
0.04369122117
0.04097384767
0.03829789487
0.03575327253
0.03365668074
0.03143477053
0.02941745851
0.027443078
0.02569688939
0.02404468983
0.02250973296
0.02109972387
0.0197023936
0.01845974929
0.01727652262
0.01617280313
0.01513154044
0.01414586311
0.01324730938
0.01239116043
0.01159281241
0.01084922487
0.01015810276
0.009511196986
0.008904540257
0.008336362403
0.007805825788
0.007312307052
0.006850597125
0.006422098061
0.006024071878
0.005652719437
0.005309576998
0.004992809124
0.004700406071
0.004432869016
0.004189793733
0.003970313583
0.003774796525
0.003603438256
0.003456081178
0.003333748059
0.00323665188
0.003165417174
0.003120545786
0.003102363786
0.003111024435
0.00314644027
0.003208364043
0.00329633112
0.003409828999
0.003548274711
0.003711249179
0.003898304089
0.004109238038
0.004343998533
0.004602805539
0.004886014987
0.005194179632
0.005528168421
0.005888968523
0.006277733587
0.00669587815
0.007144949859
0.007626737602
0.008143173597
0.008696363753
0.009288645724
0.009922514548
0.01060072297
0.01132616063
0.01210200808
0.0129316331
