43682.18939
30940.09964
25266.03464
21881.98649
19562.61611
17847.84479
16519.0061
15444.04668
14556.76357
13805.11422
13160.0588
12102.3226
11262.6586
10580.71594
10009.66481
9304.010611
8731.477298
8251.333437
7721.77233
7178.812002
6736.934734
6301.530909
5889.311168
5549.740302
5186.193821
4853.460852
4520.871932
4228.615148
3949.064192
3690.193507
3453.563711
3221.387212
3011.119169
2812.098124
2627.314411
2457.010376
2300.644495
2161.928806
2025.041134
1892.406283
1765.445742
1648.56048
1540.578835
1446.257708
1356.511353
1274.423125
1196.864669
1119.788741
1042.421961
973.8165573
913.0920219
856.2799944
805.4097036
756.5995
707.659571
659.7395543
614.4828143
572.4093795
532.4173826
496.3948019
457.5855114
420.6024902
384.8880928
353.4172096
322.2169923
302.2091701
287.599304
276.9800786
265.507932
258.3469281
249.193265
237.3192976
229.3880826
224.493838
215.2590637
207.0263663
201.0998692
193.8203254
188.1659057
181.6511956
176.9227968
174.6546565
173.9031837
174.8012631
177.5148567
188.409091
206.7978598
230.3599522
251.3692283
276.9190071
289.9441449
291.4633427
