0.005004040523
0.01000808105
0.01501212157
0.02001616209
0.02502020262
0.03002424314
0.03502828366
0.04003232419
0.04503636471
0.05004040523
0.05504444576
0.06505252681
0.07506060785
0.0850686889
0.09507676995
0.1100888915
0.1251010131
0.1401131347
0.1601292968
0.1851494994
0.210169702
0.2401939451
0.2752222288
0.3102505125
0.3552868772
0.4053272824
0.4653757687
0.5304282955
0.6054889033
0.6905575922
0.7856343622
0.9007272942
1.025828307
1.170945482
1.33607882
1.52623236
1.746410143
1.991608128
2.276838438
2.602101072
2.972400071
3.392739475
3.873127365
4.423571823
5.054080929
5.774662764
6.59532541
7.536085028
8.6069497
9.827935588
11.22906693
12.82535586
14.64682661
16.73351151
19.1154348
21.8326288
24.94013797
28.4880027
32.53627148
37.17001301
42.4542798
48.49415671
55.3947286
63.27609242
72.27836132
82.56666864
94.31115175
107.7319884
123.0593646
140.5685023
160.5646483
183.4130973
209.5091686
239.318238
273.3657298
312.2621367
356.6930126
407.4389875
465.410797
531.6342693
607.2753458
693.6801135
792.3748048
905.1158378
1033.899825
1181.003604
1349.039285
1540.979267
1760.236307
2010.683531
2296.769532
2623.558398
