0.2691040037
0.1901711897
0.1552147674
0.134331049
0.120154837
0.1097271657
0.1016436177
0.09510617917
0.08966453808
0.08506412747
0.08110765662
0.07458415798
0.06940968357
0.06518299597
0.06165422792
0.05726221912
0.05370073979
0.05073187713
0.04747872884
0.04414379438
0.04140171054
0.03871454587
0.03614099203
0.03399825285
0.03174954976
0.02975647139
0.0278191951
0.02610947384
0.02449590249
0.02298435847
0.02155341301
0.02011453479
0.01881732201
0.0175977422
0.01645122434
0.0153805715
0.0143440706
0.01339270127
0.01247797879
0.01162201655
0.01084628696
0.0101637677
0.009541333564
0.008941781382
0.008384887397
0.00785026247
0.007338074838
0.006866754657
0.006424859338
0.006011690531
0.005630848503
0.005311664723
0.005026297605
0.004783379949
0.004551135339
0.004318703507
0.004072595445
0.003817318701
0.003600991295
0.003407624861
0.00326806254
0.003171404547
0.003137832631
0.003122875998
0.003139671454
0.003190651386
0.003293651039
0.003432124717
0.003577386416
0.003713816993
0.003836906702
0.0039535374
0.004064805744
0.004204134756
0.004398992281
0.004650101345
0.004954540559
0.00529888487
0.005666164615
0.006057535531
0.006508917719
0.007027714383
0.007640611538
0.008316538012
0.008930204419
0.009325363401
0.009424545421
0.009101403002
0.00841200864
0.007598535949
0.00694686626
0.006197394378
