0.2689731882
0.1901474437
0.1551833686
0.1343102581
0.1201145579
0.1096826646
0.1015964518
0.09506657144
0.08965356285
0.0850580481
0.08109469348
0.07456306575
0.06938866742
0.06517509167
0.06164663773
0.05731745502
0.05375614665
0.05076178978
0.04745078445
0.04409667582
0.04135722338
0.03865088317
0.03611120354
0.0340173956
0.03177469191
0.02975813108
0.02780069203
0.02605802181
0.02440112454
0.02286687825
0.02145255441
0.02002201749
0.01875826314
0.01756305302
0.01646283032
0.01540325406
0.01442674476
0.01350036939
0.01258955156
0.01172501895
0.01093110301
0.01021174597
0.009555240827
0.008958597032
0.008410434325
0.007916417989
0.007485705522
0.007037414452
0.006614237075
0.006195330367
0.005829601595
0.00545302783
0.005115658108
0.004832750788
0.004592086115
0.004360350235
0.004120318759
0.003913838785
0.003714196918
0.003540393908
0.003400696392
0.003314983126
0.003274662633
0.003286255948
0.003325105669
0.003392759341
0.00349025443
0.003591729365
0.003685079664
0.003788934404
0.00390426181
0.004068089654
0.004281896908
0.004523151457
0.004753644456
0.004958593753
0.005121371591
0.005220123301
0.005289780643
0.005415714106
0.005651610001
0.005975472957
0.00634775196
0.006726545775
0.007075311783
0.007457051924
0.007845541446
0.008225581472
0.008699986929
0.008973201272
0.008562649189
0.008193683753
