0.3315360182
0.212885565
0.1675463457
0.1423049047
0.1257578589
0.1138640773
0.1047938777
0.09758579507
0.09168089765
0.08672955352
0.0825005281
0.07561571524
0.07020694308
0.06581297549
0.06215187682
0.05765006835
0.05400277421
0.05097001305
0.04762170024
0.04423764795
0.04148553662
0.03877544807
0.03619842541
0.03407517723
0.03182505138
0.02978214836
0.02778274256
0.02601443627
0.02434132171
0.0227869449
0.02135910761
0.01994412349
0.01868579714
0.01748766209
0.0163700687
0.01531576233
0.01431779997
0.01340812753
0.01254149212
0.01173350627
0.01098112228
0.01028205239
0.009627996246
0.009015000414
0.008441348038
0.007906278732
0.00740926145
0.006945172186
0.006515565499
0.006117860401
0.005748474653
0.005409185317
0.005098449136
0.004814629787
0.004558593273
0.004330345808
0.004129506477
0.003956862221
0.003813000485
0.00369819318
0.003613563279
0.003559466907
0.003536401569
0.003544573468
0.003583903813
0.003654106693
0.003754563213
0.003884714855
0.004043807549
0.004231250355
0.004446496356
0.004689356846
0.004959647302
0.005257559063
0.005583474737
0.005938118095
0.006322350941
0.006737252813
0.007184278121
0.007664990574
0.008181132971
0.008734756297
0.009328054146
0.00996351016
0.0106437725
0.01137169761
0.01215042966
0.01298330525
0.01387398755
0.01482630947
0.0158444775
0.01693293689
