44700.28502
30997.12846
25140.63631
21699.14291
19368.87131
17657.24434
16331.5212
15265.56958
14384.32278
13639.94607
13000.32477
11951.69063
11121.73001
10443.67989
9876.219857
9175.468846
8605.428177
8129.939044
7603.475279
7069.873307
6634.852172
6205.592317
5796.642813
5459.172517
5101.041895
4775.476242
4456.47996
4174.071712
3906.634012
3657.982731
3429.416055
3202.762013
3001.081977
2808.943649
2629.625235
2460.370202
2300.069811
2153.862202
2014.476443
1884.418884
1763.194044
1650.425429
1544.761265
1445.543026
1352.466621
1265.376695
1184.149685
1107.900429
1036.826451
970.4345631
908.0381369
849.8320034
795.4334803
744.405327
696.7247359
652.1958941
610.5104278
571.5621584
535.1946416
501.1432341
469.3903399
439.7232625
412.034777
386.2200201
362.1722127
339.7859522
319.0026741
299.7262836
281.9062761
265.4862476
250.4304339
236.704075
224.299803
213.2156471
203.4667401
195.0802149
188.1004234
182.5839141
178.5960245
176.2118013
175.5105502
176.5729563
179.4800043
184.3137503
191.1597732
200.1122581
211.2819374
224.8027703
240.8419732
259.6051444
281.3472948
306.3774345
