44641.86831
31566.46104
25773.89821
22320.8594
19964.39748
18224.93352
16873.02552
15783.28573
14880.63973
14117.02918
13460.07356
12381.49376
11526.56882
10827.3502
10241.67094
9517.825708
8928.542287
8436.708214
7891.853867
7339.316917
6888.653517
6443.789593
6019.828361
5669.869913
5298.393989
4960.619301
4629.594113
4336.485933
4058.874948
3800.732401
3563.415697
3328.062985
3118.626258
2919.085401
2732.848533
2557.055939
2390.558539
2238.695366
2093.916047
1958.825301
1832.909618
1715.778813
1606.029491
1502.97819
1406.309458
1315.862172
1231.508067
1152.327853
1078.526459
1009.591411
944.8093217
884.3818373
827.9108051
774.9412647
725.4482067
679.2267097
635.9546341
595.5192564
557.7551248
522.3837032
489.3822027
458.5241348
429.691339
402.7666603
377.6291775
354.157199
332.2756508
311.86712
292.8588667
275.1681952
258.7303969
243.4773548
229.3667401
216.3586563
204.4302632
193.5724937
183.8008922
175.1560517
167.7065152
161.5602436
156.8668517
153.8191952
152.6536012
153.6419277
157.0794184
163.2691527
172.5107368
185.095761
201.3163133
221.4778835
245.9228703
275.048069
