43708.30598
30920.36716
25239.74935
21874.75003
19567.3213
17858.19801
16525.94515
15453.09706
14563.91734
13816.76435
13175.65317
12121.54768
11284.06665
10602.94538
10031.93452
9328.28871
8757.925029
8279.304216
7743.640823
7196.706511
6750.302352
6310.660152
5898.094463
5558.253337
5201.784431
4880.049863
4555.518884
4261.862941
3984.532829
3727.349408
3488.858573
3253.123038
3043.415568
2844.14171
2658.236904
2483.455534
2321.656231
2175.714253
2041.072265
1915.743386
1797.48071
1688.690604
1585.704188
1488.24275
1392.732674
1303.533435
1217.768222
1137.009372
1063.465675
996.0514798
927.7234798
859.521775
795.8642096
738.1945315
688.2656039
644.9226572
611.9018254
582.1779837
556.5922133
529.9178457
502.1246229
475.848677
446.8434383
414.4215193
382.7363136
356.9445227
333.762583
313.2205853
296.6784609
277.7896461
259.1235875
240.0798022
221.3476024
205.4090766
195.4635399
185.3819676
174.3596034
160.6018348
140.7478472
124.6542193
109.7207687
99.20602015
89.0481616
88.08183745
87.09316431
89.0140111
90.24567698
97.28750678
103.5158403
107.0222277
113.6057679
120.0628173
