0.3308331551
0.2138706817
0.1688113496
0.1436116495
0.1270437753
0.1151107955
0.1059970464
0.09874600416
0.09280048663
0.08781138349
0.08354748982
0.07660089132
0.07113936478
0.06669992297
0.0629992136
0.058446646
0.05475664438
0.0516873461
0.0482976679
0.04487077486
0.0420831033
0.03933740736
0.0367260186
0.03457411008
0.03229329565
0.03022227087
0.02819512375
0.02640211908
0.0247055081
0.02312920221
0.02168114441
0.020246056
0.01896979977
0.01775454831
0.01662094762
0.01555149699
0.01453914896
0.01361630316
0.01273703897
0.01191717569
0.01115359678
0.01044395062
0.009779772476
0.009156995726
0.008573810539
0.008029364879
0.007523026736
0.007049461147
0.006610116825
0.006202197463
0.005821824642
0.00547058893
0.005146628735
0.004847910503
0.0045749704
0.004327419449
0.004104400679
0.003906314039
0.003733379974
0.003585460811
0.00346359853
0.003368011806
0.003299318829
0.003258000029
0.003244349213
0.003258483341
0.003300268466
0.003369429565
0.003465474647
0.003587883899
0.003736077495
0.003909661138
0.004108213701
0.004331577094
0.004579748057
0.004853006649
0.005151770777
0.005476660216
0.005828622407
0.006208724109
0.006618202892
0.00705856715
0.007531462083
0.00803878411
0.008582578254
0.009165070518
0.009788729384
0.0104561878
0.01117034909
0.01193425989
0.0127512726
0.01362493623
