43652.54343
30867.00851
25202.80666
21826.27072
19522.00996
17821.07535
16499.10975
15433.50397
14550.84708
13804.1456
13161.73641
12107.03662
11271.03772
10587.29642
10014.57984
9306.753141
8730.508343
8249.554984
7716.752113
7176.433729
6735.733525
6300.701811
5886.107688
5543.878534
5180.60381
4850.282673
4526.558009
4239.909999
3968.41326
3715.951542
3483.852567
3253.668873
3048.826333
2853.656553
2671.492863
2499.538033
2336.667832
2188.105134
2046.463752
1914.291731
1791.086749
1676.467173
1569.05978
1468.195616
1373.565811
1285.012588
1202.410439
1124.859166
1052.559499
985.0095421
921.5101702
862.2589948
806.8657485
754.8841014
706.2894481
660.8806821
618.3413346
578.5605471
541.3755836
506.5120511
473.9473351
443.457786
414.9262529
388.2362681
363.2671733
339.8968605
318.0488436
297.6033668
278.4838657
260.6019247
243.8846838
228.252267
213.6463505
200.0047556
187.2743342
175.4047061
164.3563322
154.0969926
144.5997758
135.8515236
127.8523759
120.6168842
114.1804668
108.6016833
103.9678565
100.3973512
98.03950123
97.07085906
97.6852249
100.0800239
104.4430327
110.9448183
